// 0x00000000
30
f4
20
00
00
00
00
00
00
00
30
f3
07
00
00
00
// 0x00000010
00
00
00
00
30
f8
05
00
00
00
00
00
00
00
60
38
// 0x00000020
40
83
07
00
00
00
00
00
00
00
40
38
00
00
00
00
// 0x00000030
00
00
00
00
50
a8
00
00
00
00
00
00
00
00
10
80
// 0x00000040
61
00
00
00
00
00
00
00
00
10
10
10
10
10
10
10
// 0x00000050
10
10
10
10
10
10
10
10
10
10
10
10
10
10
10
10
// 0x00000060
10
30
fc
07
00
00
00
00
00
00
00
30
fd
05
00
00
// 0x00000070
00
00
00
00
00
60
cd
90
10
10
10
10
10
10
10
10
// 0x00000080
10
10
10
10
10
10
10
10
10
10
10
10
10
10
10
10
// 0x00000090
10
10
10
10
10
10
10
10
10
10
10
10
10
10
10
10
// 0x000000a0
10
10
10
10
10
10
10
10
10
10
10
10
10
10
10
10
// 0x000000b0
10
10
10
10
10
10
10
10
10
10
10
10
10
10
10
10
// 0x000000c0
10
10
10
10
10
10
10
10
10
10
10
10
10
10
10
10
// 0x000000d0
10
10
10
10
10
10
10
10
10
10
10
10
10
10
10
10
// 0x000000e0
10
10
10
10
10
10
10
10
10
10
10
10
10
10
10
10
// 0x000000f0
10
10
10
10
10
10
10
10
10
10
10
10
10
10
10
10
// 0x00000100
10
10
10
10
10
10
10
10
10
10
10
10
10
10
10
10
// 0x00000110
10
10
10
10
10
10
10
10
10
10
10
10
10
10
10
10
// 0x00000120
10
10
10
10
10
10
10
10
10
10
10
10
10
10
10
10
// 0x00000130
10
10
10
10
10
10
10
10
10
10
10
10
10
10
10
10
// 0x00000140
10
10
10
10
10
10
10
10
10
10
10
10
10
10
10
10
// 0x00000150
10
10
10
10
10
10
10
10
10
10
10
10
10
10
10
10
// 0x00000160
10
10
10
10
10
10
10
10
10
10
10
10
10
10
10
10
// 0x00000170
10
10
10
10
10
10
10
10
10
10
10
10
10
10
10
10
// 0x00000180
10
10
10
10
10
10
10
10
10
10
10
10
10
10
10
10
// 0x00000190
10
10
10
10
10
10
10
10
10
10
10
10
10
10
10
10
// 0x000001a0
10
10
10
10
10
10
10
10
10
10
10
10
10
10
10
10
// 0x000001b0
10
10
10
10
10
10
10
10
10
10
10
10
10
10
10
10
// 0x000001c0
10
10
10
10
10
10
10
10
10
10
10
10
10
10
10
10
// 0x000001d0
10
10
10
10
10
10
10
10
10
10
10
10
10
10
10
10
// 0x000001e0
10
10
10
10
10
10
10
10
10
10
10
10
10
10
10
10
// 0x000001f0
10
10
10
10
10
10
10
10
10
10
10
10
10
10
10
10
// 0x00000200
10
10
10
10
10
10
10
10
10
10
10
10
10
10
10
10
// 0x00000210
10
10
10
10
10
10
10
10
10
10
10
10
10
10
10
10
// 0x00000220
10
10
10
10
10
10
10
10
10
10
10
10
10
10
10
10
// 0x00000230
10
10
10
10
10
10
10
10
10
10
10
10
10
10
10
10
// 0x00000240
10
10
10
10
10
10
10
10
10
10
10
10
10
10
10
10
// 0x00000250
10
10
10
10
10
10
10
10
10
10
10
10
10
10
10
10
// 0x00000260
10
10
10
10
10
10
10
10
10
10
10
10
10
10
10
10
// 0x00000270
10
10
10
10
10
10
10
10
10
10
10
10
10
10
10
10
// 0x00000280
10
10
10
10
10
10
10
10
10
10
10
10
10
10
10
10
// 0x00000290
10
10
10
10
10
10
10
10
10
10
10
10
10
10
10
10
// 0x000002a0
10
10
10
10
10
10
10
10
10
10
10
10
10
10
10
10
// 0x000002b0
10
10
10
10
10
10
10
10
10
10
10
10
10
10
10
10
// 0x000002c0
10
10
10
10
10
10
10
10
10
10
10
10
10
10
10
10
// 0x000002d0
10
10
10
10
10
10
10
10
10
10
10
10
10
10
10
10
// 0x000002e0
10
10
10
10
10
10
10
10
10
10
10
10
10
10
10
10
// 0x000002f0
10
10
10
10
10
10
10
10
10
10
10
10
10
10
10
10
// 0x00000300
10
10
10
10
10
10
10
10
10
10
10
10
10
10
10
10
// 0x00000310
10
10
10
10
10
10
10
10
10
10
10
10
10
10
10
10
// 0x00000320
10
10
10
10
10
10
10
10
10
10
10
10
10
10
10
10
// 0x00000330
10
10
10
10
10
10
10
10
10
10
10
10
10
10
10
10
// 0x00000340
10
10
10
10
10
10
10
10
10
10
10
10
10
10
10
10
// 0x00000350
10
10
10
10
10
10
10
10
10
10
10
10
10
10
10
10
// 0x00000360
10
10
10
10
10
10
10
10
10
10
10
10
10
10
10
10
// 0x00000370
10
10
10
10
10
10
10
10
10
10
10
10
10
10
10
10
// 0x00000380
10
10
10
10
10
10
10
10
10
10
10
10
10
10
10
10
// 0x00000390
10
10
10
10
10
10
10
10
10
10
10
10
10
10
10
10
// 0x000003a0
10
10
10
10
10
10
10
10
10
10
10
10
10
10
10
10
// 0x000003b0
10
10
10
10
10
10
10
10
10
10
10
10
10
10
10
10
// 0x000003c0
10
10
10
10
10
10
10
10
10
10
10
10
10
10
10
10
// 0x000003d0
10
10
10
10
10
10
10
10
10
10
10
10
10
10
10
10
// 0x000003e0
10
10
10
10
10
10
10
10
10
10
10
10
10
10
10
10
// 0x000003f0
10
10
10
10
10
10
10
10
10
10
10
10
10
10
10
10
